cam_model: Pinhole
cam_width: 640
cam_height: 480
cam_fx: 385.1445237981549
cam_fy: 385.01248963266613
cam_cx: 324.7310285651963
cam_cy: 238.66995044470548
cam_d0: -0.043815062279696886
cam_d1: 0.035781348283354525
cam_d2: -0.0017927351347332768
cam_d3: 0.0004995428995264518