feature_extract_enable : 0
point_filter_num : 2
max_iteration : 10
dense_map_enable : 1
filter_size_surf : 0.15
filter_size_map : 0.3
cube_side_length : 20
debug : 0
grid_size : 40
patch_size : 8
img_enable : 1
lidar_enable : 1
outlier_threshold : 300 # 78 100 156
ncc_en: false
ncc_thre: 0
img_point_cov : 100 # 1000
laser_point_cov : 0.001 # 0.001
# add by crz #
img_time_offset : 0   #手动给图像时间戳一个延迟，测试用 0.0356是传输时间 剩下的是曝光时间
onlyUpdateBias : false #如果只利用视觉模块更新状态中的Bias，true
onlyUpdateBg : false #如果只利用视觉模块更新状态中的Bias_g，true
useKalmanSmooth : false 
useVio : false   #如果使用视觉模块，true
eigenValueThreshold : 0 #450000
resolution : 0.3
nearby_type : 26
cam_fx: 453.483063
cam_fy: 453.254913
cam_cx: 318.908851
cam_cy: 234.238189

common:
    lid_topic:  "/hesai/pandar"
    imu_topic:  "/alphasense/imu"

preprocess:
    lidar_type: 2 # Livox Avia LiDAR
    scan_line: 32
    blind: 5 # blind x m disable

mapping:
    acc_cov_scale: 100
    gyr_cov_scale: 10000
    fov_degree:    90
    extrinsic_T: [ -0.006730146149038548, -0.006897049862999071, 0.049898628062256645 ]
    extrinsic_R: [ 0.006609639848469365, -0.9999773650294649, 0.0012578115132016717,
                   -0.9999762249571927, -0.006612093869054189, -0.0019569708811106104,
                   0.001965243352927244, -0.0012448467359610184, -0.9999972940839232]

camera:
    # img_topic: /usb_cam/image_raw
    # img_topic:  /camera/image_color
    img_topic: /left_camera/image
    #xiyuan
    Rcl: [0.00162756,-0.999991,0.00390957,
         -0.0126748,-0.00392989,-0.999912,
          0.999918,0.00157786,-0.012681]
    Pcl: [0.0409257, 0.0318424, -0.0927219]
    
